0 19 A A -2.261 18.246 18.422 0.144 14.146 21.558 5.694604637784012 D T -1.9560000000000006 -5.292588414634147 3.2217405238245966
0 20 A A -2.261 18.246 18.422 4.574 15.719 17.97 7.301182239990308 D V -5.02 -5.292588414634147 3.2217405238245966
0 21 A A -2.261 18.246 18.422 2.604 20.696 18.831 5.462416766385657 D T 2.902 -5.292588414634147 3.2217405238245966
0 50 A A -2.261 18.246 18.422 -4.866 12.023 13.538 8.328578840048324 D T -3.6734999999999998 -5.292588414634147 3.2217405238245966
0 51 A A -2.261 18.246 18.422 -2.488 15.331 9.219 9.656292331630576 D A -3.3819999999999997 -5.292588414634147 3.2217405238245966
0 52 A A -2.261 18.246 18.422 -4.344 19.985 10.857 8.036930008674279 D R -2.26 -5.292588414634147 3.2217405238245966
1 18 A A 0.555 15.888 14.98 3.799 10.331 20.154 8.256757820034485 I Y -13.440999999999999 -5.292588414634147 3.2217405238245966
1 19 A A 0.555 15.888 14.98 0.144 14.146 21.558 6.817153449821009 I T -7.362500000000001 -5.292588414634147 3.2217405238245966
1 20 A A 0.555 15.888 14.98 4.574 15.719 17.97 5.012087484240142 I V -10.4265 -5.292588414634147 3.2217405238245966
1 21 A A 0.555 15.888 14.98 2.604 20.696 18.831 6.491953563241191 I T -2.5045 -5.292588414634147 3.2217405238245966
1 22 A A 0.555 15.888 14.98 7.703 20.449 16.943 8.703447659684802 I T 1.7594999999999992 -5.292588414634147 3.2217405238245966
1 23 A A 0.555 15.888 14.98 6.892 19.396 11.781 7.918158719371931 I E -4.352000000000001 -5.292588414634147 3.2217405238245966
1 25 A A 0.555 15.888 14.98 9.116 17.505 19.003 9.596350417766999 I E -7.6885 -5.292588414634147 3.2217405238245966
1 26 A A 0.555 15.888 14.98 7.493 15.35 13.947 7.035082009362026 I L -11.466000000000001 -5.292588414634147 3.2217405238245966
1 29 A A 0.555 15.888 14.98 8.09 11.065 17.376 9.26166151433732 I V -11.626999999999999 -5.292588414634147 3.2217405238245966
1 49 A A 0.555 15.888 14.98 0.341 10.536 11.257 6.52306815457677 I I -13.799 -5.292588414634147 3.2217405238245966
1 50 A A 0.555 15.888 14.98 -4.866 12.023 13.538 6.812108825016513 I T -9.08 -5.292588414634147 3.2217405238245966
1 51 A A 0.555 15.888 14.98 -2.488 15.331 9.219 6.539053013974528 I A -8.788499999999999 -5.292588414634147 3.2217405238245966
1 52 A A 0.555 15.888 14.98 -4.344 19.985 10.857 7.6016273335710185 I R -7.6665 -5.292588414634147 3.2217405238245966
1 56 A A 0.555 15.888 14.98 -1.254 17.956 6.835 8.59593632562291 I E -11.635000000000002 -5.292588414634147 3.2217405238245966
1 60 A A 0.555 15.888 14.98 2.343 12.577 7.5 8.373174835291415 I F -14.5125 -5.292588414634147 3.2217405238245966
2 17 A A -3.095 11.691 17.017 -0.458 6.683 21.889 7.467945760609652 Q T -4.844 -5.292588414634147 3.2217405238245966
2 18 A A -3.095 11.691 17.017 3.799 10.331 20.154 7.695297222700629 Q Y -11.3025 -5.292588414634147 3.2217405238245966
2 19 A A -3.095 11.691 17.017 0.144 14.146 21.558 6.094163640945672 Q T -5.224000000000001 -5.292588414634147 3.2217405238245966
2 20 A A -3.095 11.691 17.017 4.574 15.719 17.97 8.714731567749448 Q V -8.288 -5.292588414634147 3.2217405238245966
2 48 A A -3.095 11.691 17.017 -2.522 5.559 11.757 8.099219405665565 Q S -6.556000000000001 -5.292588414634147 3.2217405238245966
2 49 A A -3.095 11.691 17.017 0.341 10.536 11.257 6.8057125833375025 Q I -11.660499999999999 -5.292588414634147 3.2217405238245966
2 50 A A -3.095 11.691 17.017 -4.866 12.023 13.538 3.917921261372056 Q T -6.9415000000000004 -5.292588414634147 3.2217405238245966
2 51 A A -3.095 11.691 17.017 -2.488 15.331 9.219 8.627100374487322 Q A -6.65 -5.292588414634147 3.2217405238245966
2 83 A A -3.095 11.691 17.017 -7.497 14.652 8.856 9.733809967909751 Q D -4.702 -5.292588414634147 3.2217405238245966
2 84 A A -3.095 11.691 17.017 -6.6 9.245 10.167 8.074060059366106 Q T -7.676 -5.292588414634147 3.2217405238245966
3 16 A A 2.439 9.624 16.196 4.329 3.734 20.373 7.464015178776938 V Y -12.578000000000001 -5.292588414634147 3.2217405238245966
3 17 A A 2.439 9.624 16.196 -0.458 6.683 21.889 7.03223607321263 V T -8.683000000000002 -5.292588414634147 3.2217405238245966
3 18 A A 2.439 9.624 16.196 3.799 10.331 20.154 4.244433513234386 V Y -15.1415 -5.292588414634147 3.2217405238245966
3 19 A A 2.439 9.624 16.196 0.144 14.146 21.558 7.380147038029709 V T -9.063000000000002 -5.292588414634147 3.2217405238245966
3 20 A A 2.439 9.624 16.196 4.574 15.719 17.97 6.69733751649709 V V -12.127 -5.292588414634147 3.2217405238245966
3 26 A A 2.439 9.624 16.196 7.493 15.35 13.947 7.961658067134261 V L -13.166500000000001 -5.292588414634147 3.2217405238245966
3 29 A A 2.439 9.624 16.196 8.09 11.065 17.376 5.950015372662609 V V -13.3275 -5.292588414634147 3.2217405238245966
3 30 A A 2.439 9.624 16.196 10.523 10.363 12.773 8.80988628314843 V L -12.894000000000002 -5.292588414634147 3.2217405238245966
3 33 A A 2.439 9.624 16.196 9.217 5.227 15.613 8.100294674326939 V L -15.264500000000002 -5.292588414634147 3.2217405238245966
3 47 A A 2.439 9.624 16.196 3.147 4.316 11.465 7.145521366535165 V I -15.650000000000004 -5.292588414634147 3.2217405238245966
3 48 A A 2.439 9.624 16.196 -2.522 5.559 11.757 7.800029226395608 V S -10.395000000000001 -5.292588414634147 3.2217405238245966
3 49 A A 2.439 9.624 16.196 0.341 10.536 11.257 5.443074615071619 V I -15.4995 -5.292588414634147 3.2217405238245966
3 50 A A 2.439 9.624 16.196 -4.866 12.023 13.538 8.135305166596828 V T -10.7805 -5.292588414634147 3.2217405238245966
3 60 A A 2.439 9.624 16.196 2.343 12.577 7.5 9.184216163385017 V F -16.213 -5.292588414634147 3.2217405238245966
3 64 A A 2.439 9.624 16.196 5.079 7.144 7.071 9.81761711816218 V L -16.335 -5.292588414634147 3.2217405238245966
4 15 A A -1.658 5.39 16.264 -0.31 -0.037 21.406 7.596683465205871 Q D -3.606 -5.292588414634147 3.2217405238245966
4 16 A A -1.658 5.39 16.264 4.329 3.734 20.373 7.447843941955347 Q Y -9.025 -5.292588414634147 3.2217405238245966
4 17 A A -1.658 5.39 16.264 -0.458 6.683 21.889 5.89512295771681 Q T -5.13 -5.292588414634147 3.2217405238245966
4 18 A A -1.658 5.39 16.264 3.799 10.331 20.154 8.326129196573506 Q Y -11.5885 -5.292588414634147 3.2217405238245966
4 46 A A -1.658 5.39 16.264 0.124 -0.512 11.726 7.655231687565795 Q R -9.6195 -5.292588414634147 3.2217405238245966
4 47 A A -1.658 5.39 16.264 3.147 4.316 11.465 6.875456539632284 Q I -12.097000000000003 -5.292588414634147 3.2217405238245966
4 48 A A -1.658 5.39 16.264 -2.522 5.559 11.757 4.592178776672741 Q S -6.842 -5.292588414634147 3.2217405238245966
4 49 A A -1.658 5.39 16.264 0.341 10.536 11.257 7.453010765651537 Q I -11.946499999999999 -5.292588414634147 3.2217405238245966
4 50 A A -1.658 5.39 16.264 -4.866 12.023 13.538 7.8561458676216525 Q T -7.227499999999999 -5.292588414634147 3.2217405238245966
4 84 A A -1.658 5.39 16.264 -6.6 9.245 10.167 8.744015025626341 Q T -7.962 -5.292588414634147 3.2217405238245966
4 86 A A -1.658 5.39 16.264 -3.476 3.934 8.283 8.31392927553811 Q T -7.2684999999999995 -5.292588414634147 3.2217405238245966
5 15 A A 3.945 3.377 16.613 -0.31 -0.037 21.406 7.261767290909111 V D -8.325 -5.292588414634147 3.2217405238245966
5 16 A A 3.945 3.377 16.613 4.329 3.734 20.373 3.796378845214275 V Y -13.744 -5.292588414634147 3.2217405238245966
5 17 A A 3.945 3.377 16.613 -0.458 6.683 21.889 7.625759638590786 V T -9.849 -5.292588414634147 3.2217405238245966
5 18 A A 3.945 3.377 16.613 3.799 10.331 20.154 7.8050053579564205 V Y -16.307499999999997 -5.292588414634147 3.2217405238245966
5 29 A A 3.945 3.377 16.613 8.09 11.065 17.376 8.767470296854263 V V -14.4935 -5.292588414634147 3.2217405238245966
5 32 A A 3.945 3.377 16.613 12.207 7.956 19.039 9.752607426625769 V E -11.8555 -5.292588414634147 3.2217405238245966
5 33 A A 3.945 3.377 16.613 9.217 5.227 15.613 5.675957164642513 V L -16.430500000000002 -5.292588414634147 3.2217405238245966
5 36 A A 3.945 3.377 16.613 11.086 1.135 18.915 7.8306870931590655 V Y -12.1495 -5.292588414634147 3.2217405238245966
5 37 A A 3.945 3.377 16.613 10.603 -0.569 14.031 8.158836219913931 V I -14.836500000000001 -5.292588414634147 3.2217405238245966
5 45 A A 3.945 3.377 16.613 5.742 -2.008 11.457 7.668884164308512 V V -16.8875 -5.292588414634147 3.2217405238245966
5 46 A A 3.945 3.377 16.613 0.124 -0.512 11.726 7.321689795199188 V R -14.3385 -5.292588414634147 3.2217405238245966
5 47 A A 3.945 3.377 16.613 3.147 4.316 11.465 5.293433286107621 V I -16.816000000000003 -5.292588414634147 3.2217405238245966
5 48 A A 3.945 3.377 16.613 -2.522 5.559 11.757 8.37639286929745 V S -11.561 -5.292588414634147 3.2217405238245966
5 49 A A 3.945 3.377 16.613 0.341 10.536 11.257 9.639857222253223 V I -16.665499999999998 -5.292588414634147 3.2217405238245966
6 16 A A -0.119 -0.818 16.065 4.329 3.734 20.373 7.685327607863399 N Y -8.713000000000001 -5.292588414634147 3.2217405238245966
6 17 A A -0.119 -0.818 16.065 -0.458 6.683 21.889 9.502572808033294 N T -4.8180000000000005 -5.292588414634147 3.2217405238245966
6 42 A A -0.119 -0.818 16.065 7.651 -6.587 14.227 9.850507926679432 N A -6.4815000000000005 -5.292588414634147 3.2217405238245966
6 44 A A -0.119 -0.818 16.065 2.747 -6.86 10.497 8.701859342956855 N R -7.394 -5.292588414634147 3.2217405238245966
6 45 A A -0.119 -0.818 16.065 5.742 -2.008 11.457 7.54990677062576 N V -11.8565 -5.292588414634147 3.2217405238245966
6 46 A A -0.119 -0.818 16.065 0.124 -0.512 11.726 4.356559661931844 N R -9.307500000000001 -5.292588414634147 3.2217405238245966
6 47 A A -0.119 -0.818 16.065 3.147 4.316 11.465 7.62789052881155 N I -11.785000000000004 -5.292588414634147 3.2217405238245966
6 48 A A -0.119 -0.818 16.065 -2.522 5.559 11.757 8.062220883525168 N S -6.53 -5.292588414634147 3.2217405238245966
6 86 A A -0.119 -0.818 16.065 -3.476 3.934 8.283 9.71650579213957 N T -6.9565 -5.292588414634147 3.2217405238245966
6 88 A A -0.119 -0.818 16.065 0.045 -1.172 7.391 8.68277034491383 N E -9.0735 -5.292588414634147 3.2217405238245966
7 33 A A 5.399 -3.068 16.702 9.217 5.227 15.613 9.196198643675677 I L -15.523499999999999 -5.292588414634147 3.2217405238245966
7 36 A A 5.399 -3.068 16.702 11.086 1.135 18.915 7.409760875970364 I Y -11.242499999999998 -5.292588414634147 3.2217405238245966
7 37 A A 5.399 -3.068 16.702 10.603 -0.569 14.031 6.360884437933238 I I -13.929499999999999 -5.292588414634147 3.2217405238245966
7 40 A A 5.399 -3.068 16.702 10.832 -5.013 17.677 5.852446946041433 I Q -10.0825 -5.292588414634147 3.2217405238245966
7 41 A A 5.399 -3.068 16.702 12.412 -6.472 13.661 8.3676195060546 I G -7.500499999999999 -5.292588414634147 3.2217405238245966
7 42 A A 5.399 -3.068 16.702 7.651 -6.587 14.227 4.855974177502841 I A -10.6055 -5.292588414634147 3.2217405238245966
7 43 A A 5.399 -3.068 16.702 6.266 -10.122 10.362 9.523979882104136 I K -9.551499999999999 -5.292588414634147 3.2217405238245966
7 44 A A 5.399 -3.068 16.702 2.747 -6.86 10.497 7.740438842483542 I R -11.517999999999999 -5.292588414634147 3.2217405238245966
7 45 A A 5.399 -3.068 16.702 5.742 -2.008 11.457 5.362021366907058 I V -15.9805 -5.292588414634147 3.2217405238245966
7 46 A A 5.399 -3.068 16.702 0.124 -0.512 11.726 7.688909955674158 I R -13.4315 -5.292588414634147 3.2217405238245966
7 47 A A 5.399 -3.068 16.702 3.147 4.316 11.465 9.328511227160313 I I -15.909000000000002 -5.292588414634147 3.2217405238245966
8 40 A A 1.498 -7.342 15.537 10.832 -5.013 17.677 9.85532300917768 D Q -5.794 -5.292588414634147 3.2217405238245966
8 42 A A 1.498 -7.342 15.537 7.651 -6.587 14.227 6.336050131697024 D A -6.317 -5.292588414634147 3.2217405238245966
8 43 A A 1.498 -7.342 15.537 6.266 -10.122 10.362 7.5658995679441565 D K -5.263 -5.292588414634147 3.2217405238245966
8 44 A A 1.498 -7.342 15.537 2.747 -6.86 10.497 5.214779417903862 D R -7.2295 -5.292588414634147 3.2217405238245966
8 45 A A 1.498 -7.342 15.537 5.742 -2.008 11.457 7.944148299310084 D V -11.692 -5.292588414634147 3.2217405238245966
8 46 A A 1.498 -7.342 15.537 0.124 -0.512 11.726 7.9410638562113665 D R -9.143 -5.292588414634147 3.2217405238245966
9 40 A A 6.462 -9.264 16.752 10.832 -5.013 17.677 6.1663216727746555 D Q -2.378 -5.292588414634147 3.2217405238245966
9 41 A A 6.462 -9.264 16.752 12.412 -6.472 13.661 7.263060315792064 D G 0.20399999999999957 -5.292588414634147 3.2217405238245966
9 42 A A 6.462 -9.264 16.752 7.651 -6.587 14.227 3.8672572248489105 D A -2.9010000000000002 -5.292588414634147 3.2217405238245966
9 43 A A 6.462 -9.264 16.752 6.266 -10.122 10.362 6.450324339608923 D K -1.8470000000000004 -5.292588414634147 3.2217405238245966
9 44 A A 6.462 -9.264 16.752 2.747 -6.86 10.497 7.661949999119445 D R -3.8135000000000003 -5.292588414634147 3.2217405238245966
9 45 A A 6.462 -9.264 16.752 5.742 -2.008 11.457 9.011380150353704 D V -8.276 -5.292588414634147 3.2217405238245966
10 42 A A 4.988 -14.315 17.55 7.651 -6.587 14.227 8.82359740082316 N A 2.6005000000000007 -5.292588414634147 3.2217405238245966
10 43 A A 4.988 -14.315 17.55 6.266 -10.122 10.362 8.419136397867621 N K 3.6545000000000005 -5.292588414634147 3.2217405238245966
12 40 A A 5.329 -9.57 21.663 10.832 -5.013 17.677 8.181530981899359 K Q -2.3695 -5.292588414634147 3.2217405238245966
12 42 A A 5.329 -9.57 21.663 7.651 -6.587 14.227 8.341706420851374 K A -2.8925 -5.292588414634147 3.2217405238245966
13 42 A A 0.347 -6.516 20.481 7.651 -6.587 14.227 9.615923245716367 N A -4.25 -5.292588414634147 3.2217405238245966
14 36 A A 4.81 -2.682 20.947 11.086 1.135 18.915 7.621462650203328 F Y -8.588999999999999 -5.292588414634147 3.2217405238245966
14 37 A A 4.81 -2.682 20.947 10.603 -0.569 14.031 9.265779824146769 F I -11.276 -5.292588414634147 3.2217405238245966
14 40 A A 4.81 -2.682 20.947 10.832 -5.013 17.677 7.238159050207466 F Q -7.428999999999999 -5.292588414634147 3.2217405238245966
14 42 A A 4.81 -2.682 20.947 7.651 -6.587 14.227 8.275186391894668 F A -7.952 -5.292588414634147 3.2217405238245966
14 45 A A 4.81 -2.682 20.947 5.742 -2.008 11.457 9.55944632751454 F V -13.326999999999998 -5.292588414634147 3.2217405238245966
15 46 A A -0.31 -0.037 21.406 0.124 -0.512 11.726 9.701360056409493 D R -6.0855 -5.292588414634147 3.2217405238245966
16 29 A A 4.329 3.734 20.373 8.09 11.065 17.376 8.767592682653643 Y V -11.6595 -5.292588414634147 3.2217405238245966
16 32 A A 4.329 3.734 20.373 12.207 7.956 19.039 9.037019454873494 Y E -9.0215 -5.292588414634147 3.2217405238245966
16 33 A A 4.329 3.734 20.373 9.217 5.227 15.613 6.9842098346840205 Y L -13.5965 -5.292588414634147 3.2217405238245966
16 36 A A 4.329 3.734 20.373 11.086 1.135 18.915 7.384958692145823 Y Y -9.3155 -5.292588414634147 3.2217405238245966
16 37 A A 4.329 3.734 20.373 10.603 -0.569 14.031 9.904535975670424 Y I -12.002500000000001 -5.292588414634147 3.2217405238245966
16 47 A A 4.329 3.734 20.373 3.147 4.316 11.465 9.004903925557871 Y I -13.982000000000003 -5.292588414634147 3.2217405238245966
18 28 A A 3.799 10.331 20.154 12.247 14.016 18.55 9.355252032107918 Y K -11.099 -5.292588414634147 3.2217405238245966
18 29 A A 3.799 10.331 20.154 8.09 11.065 17.376 5.164176833436778 Y V -14.222999999999999 -5.292588414634147 3.2217405238245966
18 30 A A 3.799 10.331 20.154 10.523 10.363 12.773 9.984605863337867 Y L -13.7895 -5.292588414634147 3.2217405238245966
18 32 A A 3.799 10.331 20.154 12.207 7.956 19.039 8.80785533636165 Y E -11.585 -5.292588414634147 3.2217405238245966
18 33 A A 3.799 10.331 20.154 9.217 5.227 15.613 8.719301520002606 Y L -16.16 -5.292588414634147 3.2217405238245966
18 49 A A 3.799 10.331 20.154 0.341 10.536 11.257 9.547585358746417 Y I -16.394999999999996 -5.292588414634147 3.2217405238245966
19 29 A A 0.144 14.146 21.558 8.09 11.065 17.376 9.493187763566212 T V -8.1445 -5.292588414634147 3.2217405238245966
19 50 A A 0.144 14.146 21.558 -4.866 12.023 13.538 9.691627275716877 T T -5.5975 -5.292588414634147 3.2217405238245966
20 30 A A 4.574 15.719 17.97 10.523 10.363 12.773 9.543905874547209 V L -10.774999999999999 -5.292588414634147 3.2217405238245966
20 49 A A 4.574 15.719 17.97 0.341 10.536 11.257 9.478719980992883 V I -13.380499999999998 -5.292588414634147 3.2217405238245966
23 56 A A 6.892 19.396 11.781 -1.254 17.956 6.835 9.638144688041299 E E -5.142000000000001 -5.292588414634147 3.2217405238245966
23 59 A A 6.892 19.396 11.781 3.446 16.445 3.996 9.010523934187905 E K -3.2560000000000002 -5.292588414634147 3.2217405238245966
23 60 A A 6.892 19.396 11.781 2.343 12.577 7.5 9.24765537312695 E F -8.0195 -5.292588414634147 3.2217405238245966
23 63 A A 6.892 19.396 11.781 7.444 11.631 6.508 9.402364882857336 E I -3.7445000000000013 -5.292588414634147 3.2217405238245966
26 49 A A 7.493 15.35 13.947 0.341 10.536 11.257 9.03115708433092 L I -14.419999999999998 -5.292588414634147 3.2217405238245966
26 60 A A 7.493 15.35 13.947 2.343 12.577 7.5 8.704931772026727 L F -15.1335 -5.292588414634147 3.2217405238245966
26 63 A A 7.493 15.35 13.947 7.444 11.631 6.508 8.31697564821856 L I -10.8585 -5.292588414634147 3.2217405238245966
27 63 A A 12.718 15.135 13.256 7.444 11.631 6.508 9.253572443802609 Q I -7.858500000000001 -5.292588414634147 3.2217405238245966
29 49 A A 8.09 11.065 17.376 0.341 10.536 11.257 9.887820642785593 V I -14.580999999999998 -5.292588414634147 3.2217405238245966
30 47 A A 10.523 10.363 12.773 3.147 4.316 11.465 9.627171913296888 L I -14.298000000000002 -5.292588414634147 3.2217405238245966
30 60 A A 10.523 10.363 12.773 2.343 12.577 7.5 9.980918113259467 L F -14.861 -5.292588414634147 3.2217405238245966
30 63 A A 10.523 10.363 12.773 7.444 11.631 6.508 7.0949480204973385 L I -10.586 -5.292588414634147 3.2217405238245966
30 64 A A 10.523 10.363 12.773 5.079 7.144 7.071 8.51539157960622 L L -14.983 -5.292588414634147 3.2217405238245966
30 66 A A 10.523 10.363 12.773 11.401 8.001 3.201 9.898136265554978 L K -8.0235 -5.292588414634147 3.2217405238245966
30 67 A A 10.523 10.363 12.773 10.034 5.89 8.104 6.484320146389473 L V -11.004 -5.292588414634147 3.2217405238245966
31 67 A A 15.039 9.844 15.038 10.034 5.89 8.104 9.421490793962315 N V -6.202999999999999 -5.292588414634147 3.2217405238245966
33 45 A A 9.217 5.227 15.613 5.742 -2.008 11.457 9.038428425928332 L V -16.740000000000002 -5.292588414634147 3.2217405238245966
33 47 A A 9.217 5.227 15.613 3.147 4.316 11.465 7.408152252201222 L I -16.6685 -5.292588414634147 3.2217405238245966
33 64 A A 9.217 5.227 15.613 5.079 7.144 7.071 9.683165456838543 L L -17.353500000000004 -5.292588414634147 3.2217405238245966
33 67 A A 9.217 5.227 15.613 10.034 5.89 8.104 7.582356923136407 L V -13.374500000000001 -5.292588414634147 3.2217405238245966
33 71 A A 9.217 5.227 15.613 13.1 0.287 8.621 9.400497393265914 L L -12.747000000000003 -5.292588414634147 3.2217405238245966
34 67 A A 13.922 4.804 12.968 10.034 5.89 8.104 6.32095209788222 M V -10.6965 -5.292588414634147 3.2217405238245966
34 68 A A 13.922 4.804 12.968 8.043 1.749 5.717 9.822050112186544 M F -14.9465 -5.292588414634147 3.2217405238245966
34 70 A A 13.922 4.804 12.968 15.186 3.805 5.314 7.821727228394953 M E -6.090000000000001 -5.292588414634147 3.2217405238245966
34 71 A A 13.922 4.804 12.968 13.1 0.287 8.621 6.322608623466635 M L -10.069000000000003 -5.292588414634147 3.2217405238245966
35 71 A A 15.901 3.179 17.556 13.1 0.287 8.621 9.800177458390374 D L -8.0805 -5.292588414634147 3.2217405238245966
37 47 A A 10.603 -0.569 14.031 3.147 4.316 11.465 9.27574847808878 I I -15.074500000000004 -5.292588414634147 3.2217405238245966
37 67 A A 10.603 -0.569 14.031 10.034 5.89 8.104 8.784746211728114 I V -11.7805 -5.292588414634147 3.2217405238245966
37 68 A A 10.603 -0.569 14.031 8.043 1.749 5.717 9.002739509699518 I F -16.0305 -5.292588414634147 3.2217405238245966
37 71 A A 10.603 -0.569 14.031 13.1 0.287 8.621 6.019621817591275 I L -11.153000000000002 -5.292588414634147 3.2217405238245966
37 72 A A 10.603 -0.569 14.031 13.465 -2.739 4.875 9.835257267087444 I G -7.279 -5.292588414634147 3.2217405238245966
37 73 A A 10.603 -0.569 14.031 8.781 -2.137 5.932 8.448201420077966 I Y -16.4955 -5.292588414634147 3.2217405238245966
37 91 A A 10.603 -0.569 14.031 9.865 -7.422 7.524 9.478886917337169 I L -9.576 -5.292588414634147 3.2217405238245966
38 70 A A 16.245 -1.024 13.999 15.186 3.805 5.314 9.993494871103822 K E -1.3654999999999995 -5.292588414634147 3.2217405238245966
38 71 A A 16.245 -1.024 13.999 13.1 0.287 8.621 6.366523831477758 K L -5.344500000000002 -5.292588414634147 3.2217405238245966
38 72 A A 16.245 -1.024 13.999 13.465 -2.739 4.875 9.69107824514461 K G -1.4704999999999995 -5.292588414634147 3.2217405238245966
41 71 A A 12.412 -6.472 13.661 13.1 0.287 8.621 8.459257037329246 G L -4.724000000000002 -5.292588414634147 3.2217405238245966
41 72 A A 12.412 -6.472 13.661 13.465 -2.739 4.875 9.604056417531678 G G -0.8499999999999999 -5.292588414634147 3.2217405238245966
41 73 A A 12.412 -6.472 13.661 8.781 -2.137 5.932 9.57673355523118 G Y -10.066500000000001 -5.292588414634147 3.2217405238245966
41 91 A A 12.412 -6.472 13.661 9.865 -7.422 7.524 6.712114295652426 G L -3.147 -5.292588414634147 3.2217405238245966
42 73 A A 7.651 -6.587 14.227 8.781 -2.137 5.932 9.480845153614355 A Y -13.1715 -5.292588414634147 3.2217405238245966
42 89 A A 7.651 -6.587 14.227 4.345 -2.181 6.106 9.81290581110231 A G -5.869999999999999 -5.292588414634147 3.2217405238245966
42 90 A A 7.651 -6.587 14.227 4.724 -6.792 5.376 9.324674378522419 A Q -5.8605 -5.292588414634147 3.2217405238245966
42 91 A A 7.651 -6.587 14.227 9.865 -7.422 7.524 7.108391510699508 A L -6.252 -5.292588414634147 3.2217405238245966
43 73 A A 6.266 -10.122 10.362 8.781 -2.137 5.932 9.471554727071307 K Y -12.1175 -5.292588414634147 3.2217405238245966
43 89 A A 6.266 -10.122 10.362 4.345 -2.181 6.106 9.212125823518255 K G -4.816 -5.292588414634147 3.2217405238245966
43 90 A A 6.266 -10.122 10.362 4.724 -6.792 5.376 6.190869429316702 K Q -4.8065 -5.292588414634147 3.2217405238245966
43 91 A A 6.266 -10.122 10.362 9.865 -7.422 7.524 5.3194967331652725 K L -5.198 -5.292588414634147 3.2217405238245966
44 73 A A 2.747 -6.86 10.497 8.781 -2.137 5.932 8.91936720990098 R Y -14.084 -5.292588414634147 3.2217405238245966
44 88 A A 2.747 -6.86 10.497 0.045 -1.172 7.391 7.0214945305510525 R E -9.9515 -5.292588414634147 3.2217405238245966
44 89 A A 2.747 -6.86 10.497 4.345 -2.181 6.106 6.61267893212159 R G -6.7825 -5.292588414634147 3.2217405238245966
44 90 A A 2.747 -6.86 10.497 4.724 -6.792 5.376 5.489789806639453 R Q -6.773 -5.292588414634147 3.2217405238245966
44 91 A A 2.747 -6.86 10.497 9.865 -7.422 7.524 7.7343709936098906 R L -7.1645 -5.292588414634147 3.2217405238245966
45 67 A A 5.742 -2.008 11.457 10.034 5.89 8.104 9.593866461848954 V V -13.831499999999998 -5.292588414634147 3.2217405238245966
45 68 A A 5.742 -2.008 11.457 8.043 1.749 5.717 7.235830822188966 V F -18.0815 -5.292588414634147 3.2217405238245966
45 71 A A 5.742 -2.008 11.457 13.1 0.287 8.621 8.21280009829184 V L -13.204 -5.292588414634147 3.2217405238245966
45 73 A A 5.742 -2.008 11.457 8.781 -2.137 5.932 6.30696306011512 V Y -18.5465 -5.292588414634147 3.2217405238245966
45 76 A A 5.742 -2.008 11.457 4.26 0.326 2.122 9.735815566378921 V I -14.334 -5.292588414634147 3.2217405238245966
45 87 A A 5.742 -2.008 11.457 2.156 4.28 6.343 8.862919226038512 V V -17.2045 -5.292588414634147 3.2217405238245966
45 88 A A 5.742 -2.008 11.457 0.045 -1.172 7.391 7.0489049449859005 V E -14.413999999999998 -5.292588414634147 3.2217405238245966
45 89 A A 5.742 -2.008 11.457 4.345 -2.181 6.106 5.533058657861825 V G -11.245 -5.292588414634147 3.2217405238245966
45 90 A A 5.742 -2.008 11.457 4.724 -6.792 5.376 7.803943790189859 V Q -11.235499999999998 -5.292588414634147 3.2217405238245966
45 91 A A 5.742 -2.008 11.457 9.865 -7.422 7.524 7.859962377417911 V L -11.626999999999999 -5.292588414634147 3.2217405238245966
46 77 A A 0.124 -0.512 11.726 -1.256 -0.953 2.983 8.862219276626561 R N -8.1725 -5.292588414634147 3.2217405238245966
46 79 A A 0.124 -0.512 11.726 -5.398 3.315 4.339 9.985297965701218 R T -8.508 -5.292588414634147 3.2217405238245966
46 86 A A 0.124 -0.512 11.726 -3.476 3.934 8.283 6.676912895091532 R T -9.748 -5.292588414634147 3.2217405238245966
46 87 A A 0.124 -0.512 11.726 2.156 4.28 6.343 7.487922141747837 R V -14.6555 -5.292588414634147 3.2217405238245966
46 88 A A 0.124 -0.512 11.726 0.045 -1.172 7.391 4.385666011536892 R E -11.864999999999998 -5.292588414634147 3.2217405238245966
46 89 A A 0.124 -0.512 11.726 4.345 -2.181 6.106 7.224043052984664 R G -8.696 -5.292588414634147 3.2217405238245966
47 60 A A 3.147 4.316 11.465 2.343 12.577 7.5 9.198464988230066 I F -17.617000000000004 -5.292588414634147 3.2217405238245966
47 61 A A 3.147 4.316 11.465 1.441 9.419 3.26 9.81188390990216 I A -13.482500000000002 -5.292588414634147 3.2217405238245966
47 63 A A 3.147 4.316 11.465 7.444 11.631 6.508 9.825745712401256 I I -13.342000000000002 -5.292588414634147 3.2217405238245966
47 64 A A 3.147 4.316 11.465 5.079 7.144 7.071 5.571125968377196 I L -17.739000000000004 -5.292588414634147 3.2217405238245966
47 67 A A 3.147 4.316 11.465 10.034 5.89 8.104 7.823334787286669 I V -13.760000000000002 -5.292588414634147 3.2217405238245966
47 68 A A 3.147 4.316 11.465 8.043 1.749 5.717 7.974948859993489 I F -18.010000000000005 -5.292588414634147 3.2217405238245966
47 85 A A 3.147 4.316 11.465 -1.953 9.176 6.533 8.59966402079398 I V -16.506 -5.292588414634147 3.2217405238245966
47 86 A A 3.147 4.316 11.465 -3.476 3.934 8.283 7.35766130753704 I T -12.225500000000002 -5.292588414634147 3.2217405238245966
47 87 A A 3.147 4.316 11.465 2.156 4.28 6.343 5.217112569134494 I V -17.133000000000003 -5.292588414634147 3.2217405238245966
47 88 A A 3.147 4.316 11.465 0.045 -1.172 7.391 7.505866105170461 I E -14.342500000000001 -5.292588414634147 3.2217405238245966
47 89 A A 3.147 4.316 11.465 4.345 -2.181 6.106 8.506767432830939 I G -11.173500000000002 -5.292588414634147 3.2217405238245966
48 60 A A -2.522 5.559 11.757 2.343 12.577 7.5 9.541624106366216 S F -12.362 -5.292588414634147 3.2217405238245966
48 64 A A -2.522 5.559 11.757 5.079 7.144 7.071 9.068959055689637 S L -12.484000000000002 -5.292588414634147 3.2217405238245966
48 79 A A -2.522 5.559 11.757 -5.398 3.315 4.339 8.26641580320861 S T -5.730499999999999 -5.292588414634147 3.2217405238245966
48 81 A A -2.522 5.559 11.757 -9.365 7.052 7.349 8.275636205775154 S D -3.897 -5.292588414634147 3.2217405238245966
48 84 A A -2.522 5.559 11.757 -6.6 9.245 10.167 5.722305487223779 S T -7.664 -5.292588414634147 3.2217405238245966
48 85 A A -2.522 5.559 11.757 -1.953 9.176 6.533 6.379390503698242 S V -11.251 -5.292588414634147 3.2217405238245966
48 86 A A -2.522 5.559 11.757 -3.476 3.934 8.283 3.9521407912287816 S T -6.9704999999999995 -5.292588414634147 3.2217405238245966
48 87 A A -2.522 5.559 11.757 2.156 4.28 6.343 7.268488193858472 S V -11.878 -5.292588414634147 3.2217405238245966
48 88 A A -2.522 5.559 11.757 0.045 -1.172 7.391 8.423645742011155 S E -9.087499999999999 -5.292588414634147 3.2217405238245966
49 59 A A 0.341 10.536 11.257 3.446 16.445 3.996 9.863032793370934 I K -12.702999999999998 -5.292588414634147 3.2217405238245966
49 60 A A 0.341 10.536 11.257 2.343 12.577 7.5 4.721094236747658 I F -17.466499999999996 -5.292588414634147 3.2217405238245966
49 61 A A 0.341 10.536 11.257 1.441 9.419 3.26 8.149214391520657 I A -13.331999999999997 -5.292588414634147 3.2217405238245966
49 63 A A 0.341 10.536 11.257 7.444 11.631 6.508 8.614210918066988 I I -13.191499999999998 -5.292588414634147 3.2217405238245966
49 64 A A 0.341 10.536 11.257 5.079 7.144 7.071 7.174740654866883 I L -17.5885 -5.292588414634147 3.2217405238245966
49 83 A A 0.341 10.536 11.257 -7.497 14.652 8.856 9.172813484355025 I D -9.794499999999998 -5.292588414634147 3.2217405238245966
49 84 A A 0.341 10.536 11.257 -6.6 9.245 10.167 7.1436869378756995 I T -12.768499999999998 -5.292588414634147 3.2217405238245966
49 85 A A 0.341 10.536 11.257 -1.953 9.176 6.533 5.424777694303799 I V -16.3555 -5.292588414634147 3.2217405238245966
49 86 A A 0.341 10.536 11.257 -3.476 3.934 8.283 8.185387781715091 I T -12.074999999999998 -5.292588414634147 3.2217405238245966
49 87 A A 0.341 10.536 11.257 2.156 4.28 6.343 8.159605237842243 I V -16.982499999999998 -5.292588414634147 3.2217405238245966
50 60 A A -4.866 12.023 13.538 2.343 12.577 7.5 9.419874934147005 T F -12.747499999999999 -5.292588414634147 3.2217405238245966
50 81 A A -4.866 12.023 13.538 -9.365 7.052 7.349 9.124448375683182 T D -4.2825 -5.292588414634147 3.2217405238245966
50 82 A A -4.866 12.023 13.538 -10.25 11.713 6.358 8.979752678202365 T G -2.4269999999999996 -5.292588414634147 3.2217405238245966
50 83 A A -4.866 12.023 13.538 -7.497 14.652 8.856 5.979542725920892 T D -5.0755 -5.292588414634147 3.2217405238245966
50 84 A A -4.866 12.023 13.538 -6.6 9.245 10.167 4.699753327262251 T T -8.049499999999998 -5.292588414634147 3.2217405238245966
50 85 A A -4.866 12.023 13.538 -1.953 9.176 6.533 8.103147901937222 T V -11.636499999999998 -5.292588414634147 3.2217405238245966
50 86 A A -4.866 12.023 13.538 -3.476 3.934 8.283 9.745719235709203 T T -7.356 -5.292588414634147 3.2217405238245966
51 61 A A -2.488 15.331 9.219 1.441 9.419 3.26 9.268142673382952 A A -8.3215 -5.292588414634147 3.2217405238245966
51 80 A A -2.488 15.331 9.219 -6.097 8.935 3.025 9.60725405269763 A F -9.499500000000001 -5.292588414634147 3.2217405238245966
51 82 A A -2.488 15.331 9.219 -10.25 11.713 6.358 9.029058138748155 A G -2.1354999999999995 -5.292588414634147 3.2217405238245966
51 83 A A -2.488 15.331 9.219 -7.497 14.652 8.856 5.067829300935241 A D -4.783999999999999 -5.292588414634147 3.2217405238245966
51 84 A A -2.488 15.331 9.219 -6.6 9.245 10.167 7.405852361832595 A T -7.757999999999999 -5.292588414634147 3.2217405238245966
51 85 A A -2.488 15.331 9.219 -1.953 9.176 6.533 6.7368281646591495 A V -11.344999999999999 -5.292588414634147 3.2217405238245966
52 83 A A -4.344 19.985 10.857 -7.497 14.652 8.856 6.510476542343374 R D -3.6619999999999995 -5.292588414634147 3.2217405238245966
53 82 A A -5.281 19.807 6.003 -10.25 11.713 6.358 9.504199229161994 T G -0.9795 -5.292588414634147 3.2217405238245966
53 83 A A -5.281 19.807 6.003 -7.497 14.652 8.856 6.294781863222926 T D -3.6279999999999997 -5.292588414634147 3.2217405238245966
54 80 A A -6.635 15.394 3.164 -6.097 8.935 3.025 6.482857500149813 K F -7.115 -5.292588414634147 3.2217405238245966
54 81 A A -6.635 15.394 3.164 -9.365 7.052 7.349 9.7239953799333 K D -1.6065 -5.292588414634147 3.2217405238245966
54 82 A A -6.635 15.394 3.164 -10.25 11.713 6.358 6.067917028219466 K G 0.249 -5.292588414634147 3.2217405238245966
54 83 A A -6.635 15.394 3.164 -7.497 14.652 8.856 5.804521550195301 K D -2.3994999999999997 -5.292588414634147 3.2217405238245966
54 84 A A -6.635 15.394 3.164 -6.6 9.245 10.167 9.31951898122661 K T -5.373499999999999 -5.292588414634147 3.2217405238245966
54 85 A A -6.635 15.394 3.164 -1.953 9.176 6.533 8.481439461613297 K V -8.9605 -5.292588414634147 3.2217405238245966
55 83 A A -2.802 19.055 1.719 -7.497 14.652 8.856 9.610733829155345 K D -2.7749999999999995 -5.292588414634147 3.2217405238245966
56 83 A A -1.254 17.956 6.835 -7.497 14.652 8.856 7.346829183648689 E D -7.6305 -5.292588414634147 3.2217405238245966
56 85 A A -1.254 17.956 6.835 -1.953 9.176 6.533 8.812956390449028 E V -14.1915 -5.292588414634147 3.2217405238245966
57 78 A A -2.92 13.069 5.769 -0.418 4.651 1.595 9.723425651968306 A V -11.128499999999999 -5.292588414634147 3.2217405238245966
57 80 A A -2.92 13.069 5.769 -6.097 8.935 3.025 5.89175861774235 A F -11.985499999999998 -5.292588414634147 3.2217405238245966
57 81 A A -2.92 13.069 5.769 -9.365 7.052 7.349 8.957606388556652 A D -6.4769999999999985 -5.292588414634147 3.2217405238245966
57 82 A A -2.92 13.069 5.769 -10.25 11.713 6.358 7.477603589393418 A G -4.621499999999998 -5.292588414634147 3.2217405238245966
57 83 A A -2.92 13.069 5.769 -7.497 14.652 8.856 5.743203654084362 A D -7.269999999999998 -5.292588414634147 3.2217405238245966
57 84 A A -2.92 13.069 5.769 -6.6 9.245 10.167 6.892588729835209 A T -10.243999999999998 -5.292588414634147 3.2217405238245966
57 85 A A -2.92 13.069 5.769 -1.953 9.176 6.533 4.083410197964378 A V -13.830999999999998 -5.292588414634147 3.2217405238245966
57 86 A A -2.92 13.069 5.769 -3.476 3.934 8.283 9.49091991686915 A T -9.550499999999998 -5.292588414634147 3.2217405238245966
58 78 A A -0.412 14.092 1.189 -0.418 4.651 1.595 9.449727653575142 E V -7.8145 -5.292588414634147 3.2217405238245966
58 80 A A -0.412 14.092 1.189 -6.097 8.935 3.025 7.89206977996488 E F -8.671500000000002 -5.292588414634147 3.2217405238245966
58 85 A A -0.412 14.092 1.189 -1.953 9.176 6.533 7.422942461845077 E V -10.517 -5.292588414634147 3.2217405238245966
59 85 A A 3.446 16.445 3.996 -1.953 9.176 6.533 9.403400091924567 K V -12.305499999999999 -5.292588414634147 3.2217405238245966
60 84 A A 2.343 12.577 7.5 -6.6 9.245 10.167 9.909205653494276 F T -13.482 -5.292588414634147 3.2217405238245966
60 85 A A 2.343 12.577 7.5 -1.953 9.176 6.533 5.563946998598796 F V -17.069 -5.292588414634147 3.2217405238245966
60 87 A A 2.343 12.577 7.5 2.156 4.28 6.343 8.379368126471475 F V -17.695999999999998 -5.292588414634147 3.2217405238245966
61 76 A A 1.441 9.419 3.26 4.26 0.326 2.122 9.587723689770787 A I -10.690999999999999 -5.292588414634147 3.2217405238245966
61 78 A A 1.441 9.419 3.26 -0.418 4.651 1.595 5.381628601616349 A V -10.232 -5.292588414634147 3.2217405238245966
61 79 A A 1.441 9.419 3.26 -5.398 3.315 4.339 9.230112153111298 A T -7.414 -5.292588414634147 3.2217405238245966
61 80 A A 1.441 9.419 3.26 -6.097 8.935 3.025 7.557177107705711 A F -11.089 -5.292588414634147 3.2217405238245966
61 85 A A 1.441 9.419 3.26 -1.953 9.176 6.533 4.721314900516101 A V -12.9345 -5.292588414634147 3.2217405238245966
61 86 A A 1.441 9.419 3.26 -3.476 3.934 8.283 8.915864235008213 A T -8.654 -5.292588414634147 3.2217405238245966
61 87 A A 1.441 9.419 3.26 2.156 4.28 6.343 6.035348292182492 A V -13.561499999999999 -5.292588414634147 3.2217405238245966
62 78 A A 5.839 11.968 1.367 -0.418 4.651 1.595 9.630188642999642 A V -8.227 -5.292588414634147 3.2217405238245966
62 85 A A 5.839 11.968 1.367 -1.953 9.176 6.533 9.756950944705096 A V -10.9295 -5.292588414634147 3.2217405238245966
62 87 A A 5.839 11.968 1.367 2.156 4.28 6.343 9.870684517335324 A V -11.5565 -5.292588414634147 3.2217405238245966
63 85 A A 7.444 11.631 6.508 -1.953 9.176 6.533 9.712427430136655 I V -12.794 -5.292588414634147 3.2217405238245966
63 87 A A 7.444 11.631 6.508 2.156 4.28 6.343 9.056895805898884 I V -13.421 -5.292588414634147 3.2217405238245966
64 76 A A 5.079 7.144 7.071 4.26 0.326 2.122 8.464542928201174 L I -14.947500000000002 -5.292588414634147 3.2217405238245966
64 78 A A 5.079 7.144 7.071 -0.418 4.651 1.595 8.14976286185153 L V -14.488500000000002 -5.292588414634147 3.2217405238245966
64 85 A A 5.079 7.144 7.071 -1.953 9.176 6.533 7.339447619042002 L V -17.191000000000003 -5.292588414634147 3.2217405238245966
64 86 A A 5.079 7.144 7.071 -3.476 3.934 8.283 9.217433168054443 L T -12.9105 -5.292588414634147 3.2217405238245966
64 87 A A 5.079 7.144 7.071 2.156 4.28 6.343 4.156489974921745 L V -17.818 -5.292588414634147 3.2217405238245966
64 88 A A 5.079 7.144 7.071 0.045 -1.172 7.391 9.726222840567123 L E -15.0275 -5.292588414634147 3.2217405238245966
64 89 A A 5.079 7.144 7.071 4.345 -2.181 6.106 9.403488875927286 L G -11.858500000000001 -5.292588414634147 3.2217405238245966
65 76 A A 6.622 6.217 1.869 4.26 0.326 2.122 6.351923451171089 I I -10.3735 -5.292588414634147 3.2217405238245966
65 78 A A 6.622 6.217 1.869 -0.418 4.651 1.595 7.217273591204235 I V -9.9145 -5.292588414634147 3.2217405238245966
65 87 A A 6.622 6.217 1.869 2.156 4.28 6.343 6.6116416256929345 I V -13.244 -5.292588414634147 3.2217405238245966
65 89 A A 6.622 6.217 1.869 4.345 -2.181 6.106 9.677980154777085 I G -7.2844999999999995 -5.292588414634147 3.2217405238245966
67 87 A A 10.034 5.89 8.104 2.156 4.28 6.343 8.231409875133666 V V -13.838999999999999 -5.292588414634147 3.2217405238245966
68 78 A A 8.043 1.749 5.717 -0.418 4.651 1.595 9.84890928284714 F V -14.7595 -5.292588414634147 3.2217405238245966
68 87 A A 8.043 1.749 5.717 2.156 4.28 6.343 6.438525265348372 F V -18.089 -5.292588414634147 3.2217405238245966
68 88 A A 8.043 1.749 5.717 0.045 -1.172 7.391 8.677702612202822 F E -15.2985 -5.292588414634147 3.2217405238245966
68 89 A A 8.043 1.749 5.717 4.345 -2.181 6.106 5.410307458119368 F G -12.1295 -5.292588414634147 3.2217405238245966
68 90 A A 8.043 1.749 5.717 4.724 -6.792 5.376 9.16955367726208 F Q -12.120000000000001 -5.292588414634147 3.2217405238245966
68 91 A A 8.043 1.749 5.717 9.865 -7.422 7.524 9.52324336886118 F L -12.5115 -5.292588414634147 3.2217405238245966
69 89 A A 11.476 2.654 1.832 4.345 -2.181 6.106 9.61745623343782 A G -4.568 -5.292588414634147 3.2217405238245966
71 89 A A 13.1 0.287 8.621 4.345 -2.181 6.106 9.437494058780308 L G -7.252000000000002 -5.292588414634147 3.2217405238245966
71 91 A A 13.1 0.287 8.621 9.865 -7.422 7.524 8.431922729866086 L L -7.634000000000002 -5.292588414634147 3.2217405238245966
72 89 A A 13.465 -2.739 4.875 4.345 -2.181 6.106 9.219606297128342 G G -3.3779999999999992 -5.292588414634147 3.2217405238245966
72 90 A A 13.465 -2.739 4.875 4.724 -6.792 5.376 9.64794744561522 G Q -3.368499999999999 -5.292588414634147 3.2217405238245966
72 91 A A 13.465 -2.739 4.875 9.865 -7.422 7.524 6.473614909116212 G L -3.7599999999999993 -5.292588414634147 3.2217405238245966
73 87 A A 8.781 -2.137 5.932 2.156 4.28 6.343 9.232412392476164 Y V -18.554000000000002 -5.292588414634147 3.2217405238245966
73 88 A A 8.781 -2.137 5.932 0.045 -1.172 7.391 8.909410870659382 Y E -15.7635 -5.292588414634147 3.2217405238245966
73 89 A A 8.781 -2.137 5.932 4.345 -2.181 6.106 4.43962960139402 Y G -12.5945 -5.292588414634147 3.2217405238245966
73 90 A A 8.781 -2.137 5.932 4.724 -6.792 5.376 6.199791050730947 Y Q -12.585 -5.292588414634147 3.2217405238245966
73 91 A A 8.781 -2.137 5.932 9.865 -7.422 7.524 5.625010454878536 Y L -12.9765 -5.292588414634147 3.2217405238245966
74 89 A A 9.985 -3.784 0.428 4.345 -2.181 6.106 8.162039631871203 N G -3.3169999999999997 -5.292588414634147 3.2217405238245966
74 90 A A 9.985 -3.784 0.428 4.724 -6.792 5.376 7.823610710902973 N Q -3.3074999999999997 -5.292588414634147 3.2217405238245966
74 91 A A 9.985 -3.784 0.428 9.865 -7.422 7.524 7.975127761788447 N L -3.699 -5.292588414634147 3.2217405238245966
75 88 A A 4.745 -5.479 0.716 0.045 -1.172 7.391 9.230160874423506 D E -5.1674999999999995 -5.292588414634147 3.2217405238245966
75 89 A A 4.745 -5.479 0.716 4.345 -2.181 6.106 6.331579840658503 D G -1.9984999999999995 -5.292588414634147 3.2217405238245966
75 90 A A 4.745 -5.479 0.716 4.724 -6.792 5.376 4.841488185752735 D Q -1.9889999999999994 -5.292588414634147 3.2217405238245966
75 91 A A 4.745 -5.479 0.716 9.865 -7.422 7.524 8.737191333612982 D L -2.3804999999999996 -5.292588414634147 3.2217405238245966
76 87 A A 4.26 0.326 2.122 2.156 4.28 6.343 6.15449216919602 I V -14.3415 -5.292588414634147 3.2217405238245966
76 88 A A 4.26 0.326 2.122 0.045 -1.172 7.391 6.911771981644829 I E -11.550999999999998 -5.292588414634147 3.2217405238245966
76 89 A A 4.26 0.326 2.122 4.345 -2.181 6.106 4.70792199532298 I G -8.382 -5.292588414634147 3.2217405238245966
76 90 A A 4.26 0.326 2.122 4.724 -6.792 5.376 7.840263762505319 I Q -8.372499999999999 -5.292588414634147 3.2217405238245966
77 87 A A -1.256 -0.953 2.983 2.156 4.28 6.343 7.093351450904802 N V -10.729 -5.292588414634147 3.2217405238245966
77 88 A A -1.256 -0.953 2.983 0.045 -1.172 7.391 4.601198316572342 N E -7.9384999999999994 -5.292588414634147 3.2217405238245966
77 89 A A -1.256 -0.953 2.983 4.345 -2.181 6.106 6.5293423369690435 N G -4.769499999999999 -5.292588414634147 3.2217405238245966
77 90 A A -1.256 -0.953 2.983 4.724 -6.792 5.376 8.693719960371569 N Q -4.76 -5.292588414634147 3.2217405238245966
78 88 A A -0.418 4.651 1.595 0.045 -1.172 7.391 8.228931156788878 V E -11.091999999999999 -5.292588414634147 3.2217405238245966
78 89 A A -0.418 4.651 1.595 4.345 -2.181 6.106 9.471615923107446 V G -7.922999999999999 -5.292588414634147 3.2217405238245966
